# Created by Octave 5.2.0, Thu May 21 17:46:24 2020 GMT <unknown@DESKTOP-NG32RJE>
# name: v
# type: matrix
# rows: 5
# columns: 1
 1234
 5352
 4242
 4532
 1234


